00017 1 00
00019 2 00
00021 3 01
00024 1 00
00026 2 00
00028 4 00
00029 3 01
00033 1 00
00035 2 00
00037 3 01
00040 2 00
00042 1 04
00049 1 00
00051 2 00
00053 3 01
00056 1 00
00058 2 00
00060 4 00
00061 3 01
00065 1	00
00067 2 00
00069 3 01
00072 2 00
00074 1 04
00081 1 00
00083 2 00
00085 3 01
00088 1 00
00090 2 00
00092 4 00
00093 3 01
00097 1 00
00099 2 00
00101 3 01
00104 2 00
00106 1 04
00113 1 00
00115 2 00
00117 3 01
00120 1 00
00122 2 00
00124 4 00
00125 3 01
00129 1 00
00131 2 00
00133 3 01
00136 2 00
00138 1 02
00145 1 00
00147 2 00
00149 3 01
00152 1 00
00154 2 00
00156 4 00
00157 3 01
00161 1 00
00163 2 00
00165 3 01
00168 2 00
00170 1 04
00177 1 00
00179 2 00
00181 3 01
00184 1 00
00186 2 00
00188 4 00
00189 3 01
00193 1 00
00195 2 00
00197 3 01
00200 2 00
00202 1 04
00209 1 00
00210 2 00
00211 3 00
00213 1 00
00214 2 00
00215 3 00
00217 1 00
00218 2 00
00219 3 00
00221 1 00
00222 2 00
00223 3 00
00225 1 00
00226 2 00
00227 3	00
00229 1 00
00230 1 00
00231 2 00
00233 1 00
00234 2 00
00235 3 00
00237 1 00
00238 2 00
00239 3 00
00241 1 00
00242 2 00
00243 3 00
00245 1 00
00246 2 00
00247 3 00
00249 1 00
00250 2 00
00251 3 00
00253 1 00
00254 2 00
00255 3 00
00257 1 00
00258 2 00
00259 3 00
00261 1 00
00262 1 00
00263 2 00
00265 1 00
00266 2 00
00267 3	00
00269 1 00
00270 2 00
00271 3 00
00273 1 00
00274 2 00
00275 3 00
00277 1 00
00278 2 00
00279 3 00
00281 1 00
00282 2 00
00283 3 00
00285 1 00
00286 2 00
00287 3 00
00289 1 00
00290 2 00
00291 3 00
00293 1 00
00294 1 00
00295 2 00
00297 1 00
00298 2 00
00299 3 00
00301 1 00
00302 2 00
00303 3 00
00305 1 00
00306 2 00
00307 3 00
00309 1 00
00310 2 00
00311 3 00
00313 1 00
00314 2 00
00315 3 00
00317 1 00
00318 2 00
00319 3 00
00321 1 00
00322 2 00
00323 3	00
00325 1 00
00326 1 00
00327 2 00
00329 1 00
00330 2 00
00331 3 00
00333 3 00
00324 2 00
00325 1	00
00327 2 06
00327 3 06
00335 1 01
00337 2 01
00339 3 02
00343 2 01
00345 3 00
00347 3 00
00349 1 00
00350 2 01
00352 2 00
00353 3 00
00355 3 00
00357 1 01
00359 2 06
00359 3 06
00367 1 01
00369 2 01
00371 3 02
00375 1 00
00377 2 00
00379 3 01
00382 1 00
00384 2 00
00386 4 00
00387 3 01
00391 1 00
00393 2 00
00395 3 01
00398 2 00
00400 1 04
00407 1 00
00409 2 00
00411 3 01
00414 1	00
00416 2 00
00418 4 00
00419 3 01
00423 1 00
00425 2 00
00427 3 01
00430 2 00
00432 1 04
00437 3 00
00439 1 00
00440 2 00
00441 3 00
00443 1 00
00444 2 00
00445 3 00
00447 1 00
00448 2 00
00449 3 00
00451 1 00
00452 2 00
00453 3 00
00455 1 00
00456 2 00
00457 3 00
00459 1 00
00460 1 00
00461 2	00
00463 1 00
00464 2 00
00465 3 00
00467 1 00
00468 2 00
00469 3 00
00471 1 00
00472 2 00
00473 3 00
00475 1 00
00476 2 00
00477 3 00
00479 1 00
00480 2 00
00481 3 00
00483 1 00
00484 2 00
00485 3 00
00487 1 00
00488 2 00
00489 3	00
00491 1 00
00492 1 00
00493 2 00
00495 1 00
00496 2 00
00497 3 00
00499 1 00
00500 2 00
00501 3 00
00503 1 00
00504 2 00
00505 3 00
00507 1 00
00508 2 00
00509 3 00
00511 1 00
00512 2 00
00513 3 00
00515 1 00
00516 2 00
00517 3 00
00519 1 00
00520 2 00
00521 3	00
00523 1 00
00524 1 00
00525 2 00
00527 1 00
00528 2 00
00529 3 00
00531 1 00
00532 2 00
00533 3 00
00535 1 00
00536 2 00
00537 3 00
00539 1 00
00540 2 00
00541 3 00
00543 1 00
00544 2 00
00545 3 00
00547 1 00
00548 2 00
00549 3 00
00551 1 00
00552 2 00
00553 3	00
00555 1 00
00556 1 00
00557 2 00
00559 1 00
00560 2 00
00561 3 00
00563 3 01
00565 2 00
00567 2 06
00567 3 06
00575 1 01
00577 2 01
00579 2 02
00583 2 01
00585 3 00
00587 3	00
00589 1 00
00590 2 00
00592 2 00
00593 3 00
00595 3 00
00597 1 01
00599 2 06
00599 3 06
00607 1 01
00609 2 01
00611 3 02
00615 1	00
00617 2 00
00619 3 01
00622 1 00
00624 2 00
00626 4 00
00627 3 01
00631 1 00
00633 2 00
00635 3 01
00638 2 00
00640 1 04
00640 2 04
00647 1 00
00649 2 00
00651 3 01
00654 1 00
00656 2 00
00658 4 00
00659 3 01
00663 1 00
00665 2 00
00667 3 01
00670 2 00
00672 1 03
00677 1 00
00678 2 00
00679 3 04
00685 4	00
00687 2 00
00688 1 00
00689 1 01
00691 3 00
00694 1 00
00695 2 00
00697 3 00
00698 4 02
00701 4 00
00702 3 00
00703 2 00
00704 3 00
00705 2 00
00707 3 00
00708 2 00
00709 1 00
00711 2 00
00712 3 00
00714 3 02
00718 1 00
00719 2 00
00720 3 00
00722 3 01
00724 3 00
00725 2	00
00727 1 00
00728 2 00
00729 2 00
00731 2 00
00732 3 00
00733 2 00
00735 1 00
00736 2 00
00737 1 00
00738 3 00
00739 2 00
00741 3 00
00742 2 00
00743 1 03
00747 3 00
00748 2 00
00749 1 00
00751 1 00
00753 2 00
00754 1 02
00759 1 00
00760 3 00
00761 2 00
00763 3 00
00764 2 00
00765 1	00
00767 2 00
00768 2 00
00770 2 00
00771 2 01
00773 2 00
00774 3 00
00775 4 00
00777 3 00
00778 4 00
00779 3 03
00783 4 00
00785 2 00
00786 3 00
00787 1 01
00790 1 00
00791 2 00
00793 3 00
00794 3 00
00796 2 00
00797 3 00
00798 4 00
00799 2 00
00800 3 00
00802 4 03
00806 3	00
00807 4 00
00809 4 00
00810 3 00
00811 4 02
00814 3 00
00815 4 00
00817 3 00
00818 2 00
00819 2 02
00823 2 00
00824 4 00
00825 3 00
00826 1 00
00827 3 00
00828 2 00
00829 1 01
00831 1 00
00832 2 00
00833 1 00
00834 2 00
00835 3 03
00839 3 00
00840 3 00
00842 3 00
00843 3 00
00844 3 00
00846 3 00
00847 2 00
00848 2 00
00850 2 00
00851 2 00
00853 2 00
00854 1 15
00871 1 00
00873 2 00
00875 3 01
00878 1 00
00880 2 00
00882 4 00
00883 3 01
00887 1 00
00889 2 00
00891 3 01
00894 2 00
00896 1 05
00903 1 00
00904 2 00
00905 3 00
00907 1 00
00908 2 00
00909 3 00
00911 1 00
00912 2 00
00913 3 00
00915 1 00
00916 2 00
00917 3 00
00919 1 00
00920 2 00
00921 3 00
00923 1 00
00924 1 00
00925 2 00
00927 1 00
00928 2 00
00929 3 00
00931 1 00
00932 2 00
00933 3 00
00935 1 00
00936 2 00
00937 3 00
00939 1 00
00940 2 00
00941 3 00
00943 1 00
00944 2 00
00945 3 00
00947 1 00
00948 2 00
00949 3 00
00951 1 00
00952 2 00
00953 3 00
00955 1 00
00956 1 00
00957 2 00
00959 1 00
00960 2 00
00961 3 00
00962 1 00
00963 2 00
00964 3 00
00965 3 00
00966 2 00
00967 1 00
00968 2 00
00969 3 00
00971 1 00
00972 2 00
00973 3 00
00975 1 00
00976 2 00
00977 3 00
00979 1 00
00980 2 00
00981 3 00
00983 1 00
00984 2 00
00985 3 00
00987 1 00
00988 1 00
00989 2 00
00991 1 00
00992 2 00
00993 3 00
00995 1 00
00996 2 00
00997 3 00
00999 1 00
01000 2 00
01001 3 00
01003 1 00
01004 2 00
01005 3 00
01007 1 00
01008 2 00
01009 3 00
01011 1 00
01012 2 00
01013 3 00
01015 1 00
01016 2 00
01017 3 00
01019 1 00
01020 1 00
01021 2 00
01023 1 00
01024 2 00
01025 3 00
01027 3 01
01029 2	00
01031 2 06
01031 3 06
01039 1 01
01041 2 01
01043 3 02
01047 2 01
01049 3 00
01051 3 00
01053 1 00
01054 2 00
01056 2 00
01057 3 00
01059 3 00
01061 1 01
01063 2 06
01063 3 06
01071 1 06
01071 2 06
01079 1 00
01081 2 00
01083 3 01
01086 1 00
01088 2 00
01090 4 00
01091 3 01
01095 1 00
01097 2 00
01099 3 01
01102 2 00
01104 1 04
01111 1 00
01113 2 00
01115 3 01
01118 1 00
01120 2 00
01122 4 00
01123 3 01
01127 1 00
01129 2 00
01131 3 01
01134 2 00
01136 1 02
01140 1 00
01141 2 00
01143 2 00
01145 2 00
01147 3 01
01152 4 02
01155 4 00
01157 3 00
01158 2 00
01159 1 01
01161 2 00
01163 3 00
01165 2 00
01166 3 00
01167 1 00
01169 2 01
01172 3 00
01173 2 01
01177 1 00
01178 2 00
01179 2 02
01182 3 00
01183 4 00
01185 3 00
01186 3 01
01188 2 02
01193 4 03
01197 4 00
01199 4 00
01201 3 00
01202 3 00
01204 2 00
01205 1 00
01207 2 00
01208 3 00
01209 2 00
01210 3 00
01211 2 00
01212 3 00
01213 2 00
01214 3 00
01215 2 00
01216 3 00
01217 2 00
01218 3 00
01219 2 00
01220 3 00
01221 2 00
01222 3 00
01223 4 00
01225 3 00
01227 3 00
01228 2 00
01229 1 00
01231 3 00
01232 4 00
01234 3 00
01236 4 00
01237 3 02
01241 4 05
01247 3 00
01248 2 00
01250 1 00
01252 1 00
01253 2 00
01254 3 02
01257 4 00
01258 3 02
01261 2 00
01264 2 00
01265 1 00
01266 1 01
01268 1 00
01269 2 00
01271 2 00
01273 3 00
01274 1 00
01275 2 03
01279 2 00
01281 3 00
01282 2 00
01284 1 00
01285 2 00
01287 2 00
01289 3 00
01290 3 02
01293 2 00
01295 3 00
01297 2 00
01298 2 00
01300 2 00
01301 3 00
01303 1 00
01305 2 00
01307 3 19
01331 1 15
01147 3 00
01149 3 00
01151 3 00
01153 3 00
01155 2 00
01157 1 02