4.23
00017 1 00
00019 2 00
00020 1 00
00021 4 00
00023 3 00
00025 1 00
00027 2 00
00028 1 00
00029 4 00
00031 3 00
00033 2 00
00035 2 00
00036 1 00
00037 4 00
00039 3 00
00041 2 00
00043 2 00
00044 1 00
00045 4 00
00047 3 00
00049 3 00
00051 2 00
00052 1 00
00053 4 00
00055 3 00
00057 3 00
00059 2 00
00060 1 00
00061 4 00
00063 3 00
00065 1 00
00067 2 00
00068 1 00
00069 4 00
00071 3 00
00073 1 00
00075 2 00
00076 1 00
00077 4 00
00079 3 00
00081 1 00
00083 2 00
00084 1 00
00085 4 00
00087 3 00
00089 1 00
00091 2 00
00092 1 00
00093 4 00
00095 3 00
00097 2 00
00099 2 00
00100 1 00
00101 4 00
00103 3 00
00105 2 00
00107 2 00
00108 1 00
00109 4 00
00111 3 00
00113 3 00
00115 2 00
00116 1 00
00117 4 00
00119 3 00
00121 3 00
00123 2 00
00124 1 00
00125 4 00
00127 3 00
00129 1 00
00131 2 00
00132 1 00
00133 4 00
00135 3 00
00137 1 00
00139 2 00
00140 1 00
00141 4 00
00143 3 00
00145 1 00
00147 2 00
00148 1 00
00149 4 00
00151 3 00
00153 1 00
00155 2 00
00156 1 00
00157 4 00
00159 3 00
00161 2 00
00163 2 00
00164 1 00
00165 4 00
00167 3 00
00169 2 00
00171 2 00
00172 1 00
00173 4 00
00175 3 00
00177 3 00
00179 2 00
00180 1 00
00181 4 00
00183 3 00
00185 3 00
00187 2 00
00188 1 00
00189 4 00
00191 3 00
00193 2 00
00195 1 00
00197 2 00
00199 3 00
00201 4 00
00203 3 00
00205 2 02
00207 1 15
00225 2 00
00225 3 07
00233 4 00
00234 3 02
00236 2 03
00241 1 08
00241 3 08
00249 3 00
00251 1 00
00252 3 02
00254 2 03
00257 1 04
00257 2 04
00261 1 04
00261 2 04
00265 1 06
00265 2 06
00273 2 00
00274 2 00
00276 3 02
00278 2 00
00280 4 02
00282 2 00
00284 2 00
00285 4 00
00287 3 00
00289 1 00
00290 2 00
00292 2 02
00294 1 00
00296 3 02
00298 1 00
00300 2 02
00303 1 00
00305 1 00
00306 1 00
00307 2 02
00309 1 00
00310 2 02
00313 3 02
00316 2 02
00318 1 00
00319 1 02
00321 1 00
00323 2 00
00324 3 02
00326 2 00
00328 4 02
00331 2 00
00332 2 00
00333 4 02
00335 2 02
00337 4 00
00339 2 00
00340 1 00
00341 4 00
00343 3 00
00345 3 00
00347 2 00
00348 1 00
00349 4 00
00351 3 00
00353 1 00
00355 2 00
00356 1 00
00357 4 00
00359 3 00
00361 1 00
00363 2 00
00364 1 00
00365 4 00
00367 3 00
00369 4 00
00371 2 00
00372 1 00
00373 4 00
00375 3 00
00377 3 00
00379 2 00
00380 1 00
00381 4 00
00383 3 02
00385 2 13
00385 3 13
00400 4 00
00401 3 03
00404 2 04
00408 4 00
00409 3 03
00412 2 04
00416 4 00
00417 3 03
00420 1 04
00424 4 00
00425 3 03
00428 1 04
00432 4 00
00433 3 05
00438 4 00
00440 3 00
00441 4 00
00443 3 00
00444 4 04
00448 2 17
00465 3 14
00465 4 14
00481 2 08
00481 3 08
00489 4 00
00490 3 02
00492 2 03
00497 1 08
00497 3 08
00505 3 00
00507 1 00
00508 3 02
00511 1 00
00513 1 00
00514 2 00
00515 1 00
00516 2 12
00529 3 00
00531 2 00
00532 3 02
00535 2 00
00536 4 02
00538 3 00
00540 3 00
00541 4 00
00543 3 00
00545 1 02
00547 2 00
00548 3 02
00550 2 00
00552 4 02
00554 2 02
00556 3 02
00559 1 00
00561 1 00
00562 1 00
00563 3 02
00565 1 00
00566 3 02
00569 4 02
00571 1 00
00572 3 02
00574 2 00
00575 1 00
00577 3 02
00579 2 00
00580 4 02
00582 2 02
00584 3 02
00586 2 02
00588 2 00
00589 4 00
00590 2 02
00592 2 00
00594 4 00
00595 2 00
00596 1 00
00597 4 00
00599 3 00
00602 3 00
00603 2 00
00604 1 00
00605 4 00
00607 3 00
00609 1 00
00611 2 00
00612 1 00
00613 4 00
00615 3 00
00617 1 00
00619 2 00
00620 1 00
00621 4 00
00623 3 00
00626 4 00
00627 2 00
00628 1 00
00629 4 00
00631 3 00
00634 3 00
00636 2 00
00637 1 00
00638 4 00
00640 3 00
00642 2 00
00643 2 13
00643 3 13
00657 4 00
00658 3 03
00661 2 04
00665 4 00
00666 3 03
00669 2 04
00673 4 00
00674 3 03
00677 1 04
00681 4 00
00682 3 03
00685 1 04
00689 4 00
00690 3 06
00697 4 00
00698 3 03
00702 3 02
00704 2 00
00705 3 06
00711 4 00
00712 3 02
00714 2 06
00721 4 00
00722 3 03
00725 2 04
00729 4 00
00730 3 03
00733 1 02
00735 2 02
00737 2 02
00739 1 03
00742 3 04
00746 3 00
00747 3 02
00749 2 00
00750 2 02
00752 1 02
00754 1 00
00755 4 02
00757 3 00
00758 1 03
00761 2 00
00763 2 02
00765 3 00
00766 3 03
00769 2 00
00770 3 02
00772 3 14
00772 4 14
00787 1 00
00790 1 03
00793 1 00
00794 1 00
00795 2 00
00798 2 03
00801 2 00
00803 2 07
00803 3 07
00810 4 03
00813 4 00
00814 3 00
00815 3 00
00816 2 00
00817 2 00
00819 1 00
00822 1 03
00826 1 00
00827 2 00
00830 2 03
00834 2 00
00835 2 06
00835 3 06
00842 2 00
00843 2 00
00843 3 00
00844 2 00
00844 3 00
00846 2 00
00846 3 00
00847 2 00
00847 3 00
00848 2 00
00848 3 00
00850 2 00
00850 3 00
00851 1 00
00854 1 03
00858 1 00
00859 2 00
00862 2 03
00865 2 00
00866 2 00
00867 2 07
00867 3 07
00874 4 03
00877 4 00
00878 3 00
00879 3 00
00880 2 00
00881 2 00
00883 1 00
00886 1 03
00890 1 00
00891 2 00
00894 2 03
00897 2 00
00898 2 00
00899 2 00
00899 3 00
00900 2 00
00900 3 00
00901 2 00
00901 3 00
00902 2 00
00902 3 00
00903 2 00
00903 3 00
00904 2 00
00904 3 00
00905 2 00
00905 3 00
00906 2 00
00906 3 00
00907 2 00
00907 3 00
00908 2 00
00908 3 00
00909 2 00
00909 3 00
00910 2 00
00910 3 00
00911 2 00
00911 3 00
00913 3 00
00915 4 07
00922 4 00
00923 3 02
00925 4 00
00926 2 03
00930 4 00
00931 3 02
00933 4 00
00934 1 00
00936 2 00
00937 3 00
00939 2 02
00941 1 00
00942 3 02
00944 2 00
00945 1 00
00946 2 00
00947 1 04
00951 1 00
00952 2 00
00954 3 03
00957 2 00
00958 2 02
00960 4 03
00963 3 02
00965 2 00
00966 2 03
00970 3 00
00971 2 02
00973 1 00
00974 4 02
00976 3 00
00978 4 00
00979 3 02
00981 2 00
00982 2 03
00986 4 00
00987 3 02
00989 2 00
00990 2 00
00991 2 04
00995 1 03
00998 3 03
01002 4 00
01003 3 02
01005 2 00
01006 2 02
01008 1 00
01010 2 00
01011 3 05
01018 4 00
01019 3 03
01022 2 00
01024 2 03
01027 1 03
01030 2 02
01032 2 02
01034 1 00
01035 2 00
01036 2 00
01037 3 00
01038 3 00
01039 4 00
01040 4 00
01041 2 00
01042 2 00
01043 3 00
01044 3 00
01045 4 00
01046 3 00
01047 3 00
01048 2 00
01049 3 00
01050 2 00
01051 3 02
01053 3 02
01055 3 03
01058 2 00
01059 3 02
01061 3 02
01063 3 03
01066 2 00
01067 4 02
01069 4 02
01071 4 02
01073 4 02
01075 4 03
01078 4 04
01082 3 00
01083 4 03
01086 3 00
01087 4 00
01088 4 00
01089 3 00
01090 2 00
01091 3 01
01092 1 00
01093 2 02
01095 2 02
01097 1 00
01098 2 02
01100 1 00
01101 2 00
01102 1 00
01103 2 00
01103 3 00
01105 2 00
01105 3 00
01106 2 00
01106 3 00
01108 2 00
01108 3 00
01109 2 02
01109 3 02
01111 3 00
01112 2 00
01113 3 00
01114 2 00
01115 3 02
01117 1 00
01118 2 02
01120 1 00
01121 3 00
01123 2 02
01125 1 00
01126 2 03
01129 3 00
01130 3 00
01131 3 00
01132 3 00
01133 4 00
01134 4 00
01135 1 00
01136 1 00
01137 2 00
01139 3 00
01141 4 00
01143 4 00
01144 3 00
01145 2 00
01146 2 00
01147 3 00
01149 1 00
01150 3 00
01151 3 00
01153 1 00
01154 3 00
01155 3 00
01157 1 00
01158 3 00
01159 3 00
01160 1 00
01162 4 06
01168 4 02
01171 4 00
01172 2 00
01173 3 00
01174 1 00
01175 3 00
01176 3 00
01177 2 00
01178 2 00
01179 1 04
01196 1 00
01197 1 00
01198 1 00
01205 3 00
01211 2 04
01224 1 00
01224 2 00
01225 1 00
01225 2 00
01226 1 00
01226 2 00
01242 1 00
01243 3 00
01251 4 00
01252 2 00
01253 3 00
01254 1 00
01266 2 00
01267 2 00
01268 2 00
01269 2 00
01270 2 00
01271 2 00
01272 2 00
01273 2 00
01274 2 00
01275 3 02
01277 2 00
01278 2 00
01279 1 02
01291 4 00
01292 4 00
01293 3 00
01294 3 00
01295 2 00
01296 1 02
01304 2 00
01305 2 00